"knockout"	"is.neutral"	"n.out"	"loss.out"	"abundance.out"	"n.in"	"loss.in"	"abundance.in"	"log2fc"	"low.pval"	"high.pval"	"low.qval"	"high.qval"
"UMAG_00054"	FALSE	12	0.805	30.7692307692308	10	0.924	65.7894736842106	-0.240401262974914	0.435756995310551	0.632544510099013	0.544537586914537	1
"UMAG_00081"	FALSE	979	0.807	2536.26943005181	690	0.935	5307.69230769231	-0.209409594804146	0.174325246698524	0.82741167596138	0.272293153934059	1
"UMAG_00105"	FALSE	676	0.8165	1841.96185286104	1972	0.9185	12098.1595092025	-1.85950536721055	1.77356912008261e-14	0.999999999999983	2.79337136413011e-13	1
"UMAG_00159"	FALSE	10008	0.8455	32388.3495145631	9941	0.9085	54322.4043715848	0.109894746547322	0.730341214123405	0.269908379441191	0.820216847990668	1
"UMAG_00187"	FALSE	54603	0.795	133178.048780488	57995	0.9045	303638.743455498	-0.33303244666357	0.0547779375529508	0.94523599879314	0.112532936929431	1
"UMAG_00420"	FALSE	0	NA	NA	0	NA	NA	NA	NA	NA	NA	NA
"UMAG_00558"	FALSE	2988	0.8155	8097.56097560975	2207	0.932	16227.9411764706	-0.146953514803116	0.248211424137964	0.752531150511774	0.350089247478173	1
"UMAG_00781"	FALSE	2686	0.809	7031.41361256545	1887	0.9345	14404.5801526718	-0.178673813173986	0.202941265470623	0.797788093429698	0.295247838516693	1
"UMAG_00792"	FALSE	916	0.7975	2261.72839506173	1645	0.915	9676.4705882353	-1.24108811066263	4.50059872734721e-08	0.999999956450677	4.25306579734311e-07	1
"UMAG_00793"	FALSE	13808	0.848	45421.0526315789	15640	0.9355	121240.310077519	-0.560469269538774	0.00403769283310208	0.995967938733331	0.0138749808264781	1
"UMAG_00795"	FALSE	65	0.805	166.666666666667	81	0.9265	551.020408163266	-0.8691730272721	0.00448835342869708	0.996248612464028	0.0149122982863806	1
"UMAG_00823"	FALSE	2588	0.87	9953.84615384615	2600	0.9415	22222.2222222222	-0.302709967871042	0.0769069088962205	0.923470298070079	0.146822280620057	1
"UMAG_00885"	FALSE	2725	0.809	7133.50785340314	1930	0.929	13591.5492957747	-0.0740591946375423	0.373956214819821	0.627032321129979	0.480800847625485	1
"UMAG_01018"	FALSE	19888	0.8545	68343.6426116839	22223	0.9385	180674.796747967	-0.546549091456542	0.00481791439577084	0.995186683596204	0.0154336579796727	1
"UMAG_01082"	FALSE	6719	0.8165	18307.9019073569	7917	0.9275	54600	-0.720467352449602	0.000406628386385981	0.999594739205789	0.00187445768358416	1
"UMAG_01130"	FALSE	0	NA	NA	0	NA	NA	NA	NA	NA	NA	NA
"UMAG_01235"	FALSE	710	0.8365	2171.25382262997	709	0.928	4923.61111111111	-0.325221295405925	0.0730606879192565	0.928185198857154	0.140902755272852	1
"UMAG_01236"	FALSE	39982	0.824	113585.227272727	48739	0.915	286700	-0.479799560828801	0.0111060977801499	0.988898753725608	0.0297119681040178	1
"UMAG_01237"	FALSE	1192	0.812	3170.21276595745	2365	0.934	17916.6666666666	-1.64268354858646	2.78219022444228e-12	0.9999999999973	4.04487655707377e-11	1
"UMAG_01238"	FALSE	1908	0.82	5300	2579	0.9135	14907.514450867	-0.636008338979335	0.00168371597991062	0.998334056576238	0.00636444640406216	1
"UMAG_01239"	FALSE	2307	0.849	7639.07284768212	2616	0.9395	21619.8347107438	-0.644918907368267	0.00145463714514978	0.998558241644815	0.00572763375902725	1
"UMAG_01240"	FALSE	2970	0.842	9398.73417721519	2921	0.927	20006.8493150685	-0.23398848494082	0.134988619778405	0.865515041549484	0.220157410598313	1
"UMAG_01289"	FALSE	1941	0.826	5577.58620689655	1348	0.9295	9560.28368794326	0.0785546095791879	0.67049524250156	0.330866097215182	0.782244449585153	1
"UMAG_01297"	FALSE	1150	0.8355	3495.44072948328	859	0.926	5804.05405405405	0.124380548084301	0.746440729388333	0.255575542254331	0.820216847990668	1
"UMAG_01300"	FALSE	2190	0.813	5855.61497326203	4289	0.934	32492.4242424243	-1.61624365517889	3.2929260916813e-12	0.999999999996761	4.44545022376976e-11	1
"UMAG_01301"	FALSE	1423	0.8355	4325.22796352583	2243	0.9325	16614.8148148148	-1.08565500374688	8.28157710669256e-07	0.999999188211717	6.52174197152039e-06	1
"UMAG_01302"	TRUE	4142	0.8135	11104.5576407507	3746	0.918	22841.4634146342	-0.184536030162371	0.192310661755219	0.808151462528065	0.286194606864066	1
"UMAG_01375"	FALSE	364	0.802	919.191919191919	2072	0.929	14591.5492957747	-3.13265601656547	1.61343767279176e-30	1	7.62349300394104e-29	1
"UMAG_01553"	FALSE	5	0.805	12.8205128205128	11	0.924	72.3684210526316	-1.64093919255864	0.0320276087317322	0.983213617754723	0.0720621196463975	1
"UMAG_01689"	FALSE	688	0.8225	1938.02816901408	1757	0.9175	10648.4848484848	-1.60201958995519	1.35314260620356e-11	0.999999999987129	1.70495968381649e-10	1
"UMAG_01690"	FALSE	8	0.805	20.5128205128205	10	0.924	65.7894736842106	-0.82536376369607	0.177686665572184	0.873409520217174	0.273030730025551	1
"UMAG_01779"	FALSE	12	0.805	30.7692307692308	18	0.924	118.421052631579	-1.08839816952986	0.0434557759136273	0.970317197510691	0.092282490423321	1
"UMAG_01786"	FALSE	1	0.805	2.56410256410256	0	NA	NA	NA	NA	NA	NA	NA
"UMAG_01820"	FALSE	2868	0.839	8906.83229813664	2330	0.938	18790.3225806451	-0.221038367070161	0.149620950936234	0.850938424798888	0.237633275016372	1
"UMAG_01854"	FALSE	29405	0.802	74255.0505050505	24652	0.9215	157019.108280255	-0.22441194540998	0.140993437878202	0.859059981940119	0.225828472533731	1
"UMAG_01858"	FALSE	6478	0.8275	18776.8115942029	5368	0.9255	36026.8456375839	-0.0841531031110489	0.352605391906963	0.647807287452227	0.456454925139836	1
"UMAG_01940"	FALSE	21531	0.803	54647.2081218274	27010	0.905	142157.894736842	-0.523307392931404	0.00650026872337645	0.993505302521163	0.0198153353019056	1
"UMAG_01977"	FALSE	0	NA	NA	0	NA	NA	NA	NA	NA	NA	NA
"UMAG_01987"	FALSE	2267	0.816	6160.32608695652	2424	0.8995	12059.7014925373	-0.113148441112931	0.30370212062703	0.697385273253147	0.40139650908048	1
"UMAG_01997"	FALSE	4203	0.824	11940.3409090909	4992	0.941	42305.0847457628	-0.969019915488414	5.74923609231098e-06	0.999994287941155	3.50517942402185e-05	1
"UMAG_02006"	FALSE	2282	0.8015	5748.11083123426	1425	0.9345	10877.8625954198	-0.0642681917589748	0.393398503758922	0.607794609231159	0.502380521692137	1
"UMAG_02011"	FALSE	607	0.839	1885.09316770186	2309	0.923	14993.5064935065	-2.13566295744083	9.03290517316975e-18	1	1.70721907772908e-16	1
"UMAG_02072"	FALSE	0	NA	NA	0	NA	NA	NA	NA	NA	NA	NA
"UMAG_02119"	FALSE	0	NA	NA	0	NA	NA	NA	NA	NA	NA	NA
"UMAG_02135"	FALSE	1668	0.847	5450.98039215686	1415	0.944	12633.9285714286	-0.35674855341231	0.0489109642233566	0.951489183914561	0.101584310310048	1
"UMAG_02137"	FALSE	2	0.805	5.12820512820513	5	0.924	32.8947368421053	-1.82536376369607	0.117228236047667	0.947833592808483	0.203267308376231	1
"UMAG_02138"	FALSE	40	0.805	102.564102564103	36	0.924	236.842105263158	-0.351432575363658	0.216294247866259	0.808504624626759	0.307365510125736	1
"UMAG_02139"	FALSE	17	0.805	43.5897435897436	7	0.924	46.0526315789474	0.776672250384027	0.918682992647304	0.105559153142915	0.963784037742559	1
"UMAG_02141"	FALSE	36	0.807	93.2642487046632	539	0.94	4491.66666666666	-4.73381577147244	2.67369262962299e-42	1	2.52663953499373e-40	1
"UMAG_02192"	FALSE	2181	0.8305	6433.62831858407	1324	0.9315	9664.23357664233	0.268944399155033	0.9229889461979	0.07751784277443	0.963784037742559	1
"UMAG_02193"	TRUE	2564	0.8195	7102.49307479224	2018	0.9185	12380.3680981595	0.0543103463536054	0.625898481729559	0.375184472276955	0.73475039159557	1
"UMAG_02229"	FALSE	24092	0.817	65825.1366120218	28272	0.923	183584.415584416	-0.623765947060449	0.00165555684817107	0.998345868587515	0.00636444640406216	1
"UMAG_02231"	FALSE	1	0.805	2.56410256410256	0	NA	NA	NA	NA	NA	NA	NA
"UMAG_02239"	FALSE	5913	0.8245	16846.1538461538	6499	0.927	44513.698630137	-0.545863000807485	0.00507634097562212	0.99493975262679	0.0157283351539767	1
"UMAG_02243"	FALSE	4628	0.789	10966.8246445498	3245	0.8995	16144.2786069652	0.298090020190051	0.94605468584485	0.0541309138706659	0.98244140453119	1
"UMAG_02294"	FALSE	1871	0.846	6074.67532467532	1467	0.939	12024.5901639344	-0.129141384067305	0.279143026861506	0.722106983098285	0.376843086263033	1
"UMAG_02295"	FALSE	2783	0.81	7323.68421052632	2771	0.931	20079.7101449276	-0.599129822205271	0.00270183105392931	0.997317143959134	0.00995042893244026	1
"UMAG_02297"	FALSE	1004	0.8265	2893.37175792507	1187	0.926	8020.27027027028	-0.614932021143129	0.0027376841507243	0.997313671715285	0.00995042893244026	1
"UMAG_02298"	FALSE	1644	0.832	4892.85714285714	2200	0.916	13095.2380952381	-0.564326093233023	0.00457626084978877	0.995475154405125	0.0149122982863806	1
"UMAG_02299"	FALSE	1869	0.8295	5480.93841642228	2471	0.9005	12417.0854271357	-0.323864618566834	0.0643934463559069	0.936057809118971	0.126774597513192	1
"UMAG_02430"	FALSE	13579	0.8095	35640.4199475066	11524	0.924	75815.7894736843	-0.233016869240127	0.132438702944673	0.867671645149543	0.220157410598313	1
"UMAG_02466"	FALSE	2507	0.856	8704.86111111111	2015	0.9305	14496.4028776979	0.12016536019712	0.744601390415924	0.256352638911374	0.820216847990668	1
"UMAG_02473"	FALSE	12	0.805	30.7692307692308	20	0.922	128.205128205128	-1.20292655755625	0.0249705328884001	0.983580917473402	0.0582645767396002	1
"UMAG_02474"	FALSE	948	0.8055	2437.01799485861	1223	0.932	8992.64705882352	-1.02766181186766	3.61102307859527e-06	0.999996488884237	2.35339090294657e-05	1
"UMAG_02475"	FALSE	365	0.8325	1089.55223880597	2368	0.917	14265.0602409639	-2.85471143436246	9.61113043272717e-27	1	3.02750608630906e-25	1
"UMAG_02533"	FALSE	41	0.805	105.128205128205	57	0.924	375	-0.978773678355366	0.0049747820798802	0.996098443996322	0.0156705635516226	1
"UMAG_02535"	FALSE	13485	0.852	45557.4324324324	36025	0.9145	210672.514619883	-1.35327662807224	1.28782748633817e-09	0.999999998715405	1.52124621823696e-08	1
"UMAG_02537"	FALSE	2979	0.8525	10098.3050847458	3002	0.916	17869.0476190476	0.0326175566557155	0.583839945865518	0.417120196567523	0.693998426217503	1
"UMAG_02538"	FALSE	2923	0.8115	7753.31564986737	2647	0.932	19463.2352941177	-0.471899106210354	0.0135130915573566	0.986564162847012	0.0345131662748703	1
"UMAG_02560"	FALSE	9	0.805	23.0769230769231	447	0.9265	3040.81632653062	-6.18589685715694	1.21969432758459e-47	1	2.30522227913488e-45	1
"UMAG_02611"	FALSE	3156	0.8165	8599.45504087194	2487	0.9395	20553.7190082645	-0.401115186274749	0.0295880646032418	0.970553209037001	0.0673752314459362	1
"UMAG_02813"	FALSE	2286	0.841	7188.67924528302	2121	0.926	14331.0810810811	-0.139381675474166	0.260829245672379	0.740165341296388	0.359830127241458	1
"UMAG_02826"	FALSE	1943	0.8395	6052.95950155763	1643	0.9195	10204.9689440994	0.102407943124901	0.713537323574797	0.287753235143622	0.817324570640222	1
"UMAG_02851"	FALSE	22101	0.8115	58623.3421750663	19907	0.922	127608.974358974	-0.266215536652791	0.100673068226999	0.899382420156707	0.181211522808598	1
"UMAG_02852"	FALSE	31	0.805	79.4871794871795	44	0.924	289.473684210526	-1.00867097705913	0.00810689054498572	0.993846106052237	0.0233155618221548	1
"UMAG_02853"	FALSE	9	0.805	23.0769230769231	40	0.9185	245.398773006135	-2.55463812146627	1.47979064094925e-06	0.999999416471513	1.0756939659208e-05	1
"UMAG_02854"	FALSE	0	NA	NA	0	NA	NA	NA	NA	NA	NA	NA
"UMAG_02925"	FALSE	0	NA	NA	0	NA	NA	NA	NA	NA	NA	NA
"UMAG_03023"	FALSE	24805	0.841	78003.144654088	28053	0.923	182162.337662338	-0.367653387379777	0.0390052864635455	0.961017864657847	0.0837727175182967	1
"UMAG_03046"	FALSE	1904	0.797	4689.65517241379	1413	0.9265	9612.2448979592	-0.179424427877492	0.204184373002185	0.796839014603916	0.295247838516693	1
"UMAG_03065"	FALSE	22009	0.756	45100.4098360656	16416	0.9165	98299.4011976049	-0.268074953161838	0.0991725243170611	0.90088254884413	0.180226991306967	1
"UMAG_03105"	FALSE	748	0.8185	2060.60606060606	1257	0.9295	8914.89361702128	-1.25718172863251	4.13969552413917e-08	0.99999996022152	4.11790765295949e-07	1
"UMAG_03112"	FALSE	11208	0.826	32206.8965517241	8902	0.9455	81669.7247706422	-0.486464584595936	0.0105042433779405	0.989512144543	0.0287724927308805	1
"UMAG_03138"	FALSE	2543	0.818	6986.26373626373	2128	0.9225	13729.0322580645	-0.118669792238227	0.294353506960391	0.706600791172282	0.394558956138396	1
"UMAG_03201"	FALSE	2838	0.8195	7861.49584487535	2713	0.92	16956.25	-0.252974258723806	0.116545112516651	0.883928015300975	0.203267308376231	1
"UMAG_03202"	TRUE	3263	0.811	8632.27513227513	3183	0.9075	17205.4054054054	-0.1390820017515	0.259438680758817	0.741261672551942	0.359830127241458	1
"UMAG_03223"	FALSE	9055	0.8285	26399.416909621	15436	0.92	96475	-1.01368194249186	2.13132838869769e-06	0.999997875345423	1.49192987208838e-05	1
"UMAG_03313"	FALSE	45	0.805	115.384615384615	405	0.9325	3000	-3.84447258664377	4.3411037590397e-31	1	2.73489536819501e-29	1
"UMAG_03382"	FALSE	24277	0.8405	76103.4482758621	20801	0.9335	156398.496240601	-0.183225780436509	0.191063892140971	0.809015589664269	0.286194606864066	1
"UMAG_03397"	FALSE	15010	0.8625	54581.8181818182	15303	0.916	91089.2857142858	0.117106216254007	0.743006281422249	0.257156668506491	0.820216847990668	1
"UMAG_03564"	FALSE	1781	0.8435	5690.09584664537	1592	0.9345	12152.6717557252	-0.23878153333988	0.133484165708163	0.867336907117383	0.220157410598313	1
"UMAG_03586"	FALSE	3415	0.8185	9407.71349862259	2934	0.938	23661.2903225806	-0.474645588607494	0.0129249134098045	0.987138838623973	0.033463131978809	1
"UMAG_03615"	FALSE	2197	0.826	6313.2183908046	1448	0.926	9783.78378378379	0.22395026861761	0.883187508788489	0.117489859615353	0.934313029340953	1
"UMAG_03650"	FALSE	4394	0.833	13155.6886227545	3227	0.9245	21370.8609271523	0.156008870284676	0.80230165005216	0.198177645831042	0.876502958727504	1
"UMAG_03689"	FALSE	4206	0.808	10953.125	1637	0.933	12216.4179104478	0.698488349491559	0.999941038905715	5.94525425597903e-05	0.999941038905715	0.0112365305438004
"UMAG_03744"	FALSE	7347	0.825	20991.4285714286	11093	0.91	61627.7777777778	-0.697813286164628	0.000569918103131713	0.999431802371322	0.00250498887190451	1
"UMAG_03745"	FALSE	1	0.805	2.56410256410256	0	NA	NA	NA	NA	NA	NA	NA
"UMAG_03747"	FALSE	2871	0.825	8202.85714285714	3099	0.935	23838.4615384616	-0.683125591685592	0.000804052376017496	0.99920193408459	0.00330360650146319	1
"UMAG_03748"	FALSE	3925	0.825	11214.2857142857	4342	0.9335	32646.6165413534	-0.685628616782615	0.000737332313771251	0.999266731199519	0.00309679571783925	1
"UMAG_03750"	FALSE	2059	0.736	3899.62121212121	1722	0.91	9566.66666666667	-0.438715204296052	0.0206063085097325	0.979550669667929	0.0505791208875252	1
"UMAG_03751"	FALSE	3677	0.827	10627.1676300578	2764	0.9305	19884.892086331	-0.0479484626008644	0.422963517310183	0.577803212140246	0.532934031810831	1
"UMAG_03753"	FALSE	2651	0.85	8836.66666666667	2020	0.9365	15905.5118110236	0.00801450500170174	0.53474671066831	0.466340301563445	0.639665369090573	1
"UMAG_03880"	FALSE	2079	0.844	6663.46153846154	2102	0.9355	16294.5736434109	-0.434080743045485	0.0213638762200384	0.978797042118563	0.0511110456403451	1
"UMAG_04027"	FALSE	0	NA	NA	0	NA	NA	NA	NA	NA	NA	NA
"UMAG_04033"	FALSE	0	NA	NA	0	NA	NA	NA	NA	NA	NA	NA
"UMAG_04035"	FALSE	0	NA	NA	0	NA	NA	NA	NA	NA	NA	NA
"UMAG_04038"	FALSE	17699	0.8335	53150.1501501502	24569	0.9255	164892.617449664	-0.777414004058745	0.000153005158507073	0.999847202201965	0.000803277082162132	1
"UMAG_04039"	FALSE	13510	0.8325	40328.3582089552	15782	0.918	96231.7073170732	-0.398750519413461	0.0283637025852502	0.971668712001908	0.0653748754708816	1
"UMAG_04057"	FALSE	4125	0.7815	9439.35926773455	5772	0.9275	39806.8965517241	-1.220290428459	3.30648046283302e-08	0.999999967186497	3.47180448597467e-07	1
"UMAG_04084"	FALSE	10286	0.8555	35591.6955017301	10913	0.941	92483.0508474575	-0.521681198044451	0.00676343293685299	0.993248611634764	0.020290298810559	1
"UMAG_04096"	FALSE	4	0.805	10.2564102564103	4	0.924	26.3157894736842	-0.503435668808708	0.442617946433566	0.676781656001115	0.546763345594406	1
"UMAG_04104"	FALSE	33139	0.7905	79090.692124105	29743	0.9185	182472.392638037	-0.350131250234483	0.046471282775632	0.953548767500353	0.0975896938288272	1
"UMAG_04111"	FALSE	23070	0.8375	70984.6153846153	24316	0.9335	182827.067669173	-0.508934260793606	0.00780256441073616	0.992203563158523	0.0230419480254552	1
"UMAG_04114"	FALSE	8452	0.8105	22300.7915567282	6225	0.93	44464.2857142857	-0.139584959636674	0.256374487748545	0.743896747722395	0.358924282847963	1
"UMAG_04145"	FALSE	5319	0.792	12786.0576923077	3807	0.92	23793.75	-0.04004402469883	0.437934990534443	0.562602214567864	0.544537586914537	1
"UMAG_04185"	FALSE	3965	0.796	9718.13725490196	2168	0.911	12179.7752808989	0.530231329729689	0.998049865942579	0.00196304393440849	0.999941038905715	0.123671767867735
"UMAG_04189"	FALSE	15890	0.803	40329.9492385787	15931	0.916	94827.380952381	-0.377484969175072	0.0354417112487494	0.964591586248499	0.0769940623679728	1
"UMAG_04282"	FALSE	4992	0.819	13790.0552486188	3684	0.9275	25406.8965517241	-0.0256247928000406	0.466736431811058	0.533842583878364	0.572812893586299	1
"UMAG_04400"	FALSE	3098	0.814	8327.95698924731	2391	0.9145	13982.4561403509	0.108383849353125	0.725388781677652	0.275413138092347	0.820216847990668	1
"UMAG_04696"	FALSE	41614	0.782	95444.9541284404	28661	0.9175	173703.03030303	-0.00791495697769715	0.501828914296229	0.49824186044661	0.611907514851531	1
"UMAG_04815"	FALSE	11361	0.8405	35614.4200626959	14276	0.9195	88670.8074534161	-0.460030583596382	0.0142971300971893	0.985724135125853	0.0360287678449172	1
"UMAG_04893"	FALSE	2268	0.835	6872.72727272727	1978	0.937	15698.4126984127	-0.335696945065465	0.0578090043323055	0.942531928508934	0.115009492829534	1
"UMAG_05222"	FALSE	2068	0.8305	6100.29498525074	1911	0.9305	13748.2014388489	-0.31632485157804	0.0693398297947379	0.931092097499125	0.135105441558819	1
"UMAG_05227"	FALSE	3806	0.8245	10843.3048433048	3097	0.9415	26470.0854700855	-0.43159119062448	0.0209694443365999	0.979118064070249	0.0508105766617612	1
"UMAG_05294"	FALSE	1346	0.833	4029.94011976048	1416	0.941	12000	-0.718236967087576	0.000583650645840857	0.999425567621488	0.00250704481963459	1
"UMAG_05299"	FALSE	2458	0.833	7359.28143712575	2159	0.943	18938.5964912281	-0.507725474461838	0.00903221216316362	0.991031718342219	0.0254789268483272	1
"UMAG_05300"	FALSE	2830	0.8045	7237.85166240409	1265	0.9345	9656.48854961832	0.440030003864988	0.990650127132636	0.00942084842635071	0.999941038905715	0.437150286860649
"UMAG_05301"	FALSE	1560	0.8365	4770.64220183486	7053	0.9405	59268.9075630251	-2.77905294131739	5.31937318588307e-27	1	2.0107230642638e-25	1
"UMAG_05302"	FALSE	2460	0.861	8848.92086330935	2567	0.9335	19300.7518796992	-0.269116486073817	0.10264899166012	0.897846379792281	0.183025088903421	1
"UMAG_05308"	FALSE	3144	0.8455	10174.7572815534	2543	0.9335	19120.3007518797	-0.0541437053373679	0.4111904137697	0.589697521504877	0.521577102030022	1
"UMAG_05310"	FALSE	810	0.825	2314.28571428571	1040	0.9385	8455.28455284553	-1.01331919025224	5.41289307511217e-06	0.999994758158445	3.41012263732067e-05	1
"UMAG_05319"	FALSE	3194	0.8245	9099.7150997151	2807	0.9245	18589.40397351	-0.174620100583458	0.206901680317735	0.793723230707737	0.296245587727666	1
"UMAG_05439"	FALSE	27041	0.81	71160.5263157895	36505	0.914	212238.372093023	-0.720569297306727	0.00038150069218638	0.999618821681424	0.00180259077058064	1
"UMAG_05548"	FALSE	2547	0.7995	6351.62094763092	3017	0.906	16047.8723404255	-0.481218180152473	0.0121077994089596	0.987972630048622	0.0317829734485188	1
"UMAG_05562"	FALSE	11740	0.8025	29721.5189873418	16979	0.917	102283.132530121	-0.927021363788961	1.10899490948363e-05	0.999988935399295	6.55000118413767e-05	1
"UMAG_05641"	FALSE	33040	0.827	95491.3294797688	29972	0.9285	209594.405594406	-0.27819142918822	0.0906757684322193	0.909358538414789	0.169680398353361	1
"UMAG_05731"	FALSE	0	NA	NA	0	NA	NA	NA	NA	NA	NA	NA
"UMAG_05733"	FALSE	2154	0.83	6335.29411764706	1516	0.939	12426.2295081967	-0.115937970704383	0.300472367519218	0.700657836487244	0.399924489162903	1
"UMAG_05780"	FALSE	3575	0.8145	9636.11859838275	3867	0.909	21247.2527472528	-0.284785127454483	0.0884619449370949	0.911844685243507	0.167193075931109	1
"UMAG_05781"	FALSE	13086	0.819	36149.1712707182	13116	0.933	97880.5970149254	-0.581093196159271	0.00306577721923667	0.996938840446593	0.0107302202673283	1
"UMAG_05819"	FALSE	1852	0.8295	5431.08504398827	2469	0.917	14873.4939759036	-0.597464104062476	0.0028868012173461	0.997143269019387	0.0102944420769512	1
"UMAG_05861"	FALSE	7	0.805	17.948717948718	3	0.924	19.7368421052632	0.71895675252774	0.851465844335644	0.208589259640037	0.919583111882495	1
"UMAG_05926"	FALSE	2150	0.826	6178.16091954023	1936	0.924	12736.8421052632	-0.187791143705597	0.191325495823795	0.809549946070482	0.286194606864066	1
"UMAG_05927"	FALSE	17170	0.8045	43913.0434782609	15080	0.9215	96050.9554140127	-0.273183306184938	0.0950620849566681	0.905006234927639	0.176144451537356	1
"UMAG_05930"	FALSE	0	NA	NA	0	NA	NA	NA	NA	NA	NA	NA
"UMAG_05931"	FALSE	12959	0.8115	34374.0053050398	11407	0.916	67898.8095238096	-0.126101182027858	0.27757920913764	0.722606093046777	0.376843086263033	1
"UMAG_05953"	FALSE	1183	0.805	3033.33333333333	1147	0.9205	7213.83647798743	-0.393895544643977	0.0353853812774518	0.965040201939975	0.0769940623679728	1
"UMAG_05988"	FALSE	2793	0.797	6879.31034482759	2294	0.897	11135.9223300971	0.161081923759485	0.808200912841045	0.192535436701951	0.877873405327342	1
"UMAG_06064"	FALSE	5157	0.874	20464.2857142857	7545	0.9275	52034.4827586207	-0.490392557202493	0.0102039133344842	0.989830648394602	0.0283608767679045	1
"UMAG_06113"	FALSE	2687	0.82	7463.88888888889	6768	0.9295	48000	-1.82906785954035	9.9904541741002e-15	0.99999999999999	1.71654167173176e-13	1
"UMAG_06146"	FALSE	1442	0.8445	4636.65594855306	2057	0.94	17141.6666666666	-1.03038367230888	2.49010444971926e-06	0.999997556848742	1.6808205035605e-05	1
"UMAG_06158"	FALSE	2249	0.8025	5693.67088607595	2669	0.9245	17675.4966887417	-0.77835261660622	0.000190360680178953	0.999811596747308	0.000972382933887085	1
"UMAG_06178"	FALSE	10221	0.7905	24393.7947494033	10382	0.9065	55518.7165775402	-0.330492881888725	0.0569199468619047	0.943156481523873	0.114445425073404	1
"UMAG_06179"	FALSE	5842	0.8515	19670.0336700337	5839	0.9115	32988.7005649717	0.109994607816246	0.729891221181557	0.270535133790831	0.820216847990668	1
"UMAG_06180"	FALSE	0	NA	NA	0	NA	NA	NA	NA	NA	NA	NA
"UMAG_06222"	FALSE	1602	0.839	4975.1552795031	2722	0.932	20014.7058823529	-1.15227982446224	1.96174738142056e-07	0.999999807425379	1.6853193413113e-06	1
"UMAG_06223"	FALSE	9006	0.812	23952.1276595745	15352	0.915	90305.8823529412	-1.05869901789615	8.67192633057355e-07	0.999999135612515	6.5559763059136e-06	1
"UMAG_06428"	FALSE	14500	0.8095	38057.7427821523	18597	0.925	123980	-0.847878375077128	4.61863237026059e-05	0.999953894446564	0.000256741622935074	1
"UMAG_06440"	FALSE	23982	0.831	70952.6627218935	31865	0.924	209638.157894737	-0.707005473499185	0.000473557179665298	0.999526888159672	0.00213100730849384	1
"UMAG_10024"	FALSE	26156	0.7945	63639.902676399	23794	0.9085	130021.857923497	-0.174783508551388	0.202508796603961	0.797567786639985	0.295247838516693	1
"UMAG_10030"	FALSE	1799	0.8345	5435.04531722054	1536	0.917	9253.01204819278	0.0883361265673503	0.68841226215294	0.313027935071269	0.798220353048501	1
"UMAG_10067"	FALSE	3804	0.8005	9533.83458646616	2647	0.912	15039.7727272727	0.198312865277433	0.857708131843487	0.142743361910928	0.921061573400109	1
"UMAG_10076"	FALSE	2688	0.796	6588.23529411765	2054	0.9065	10983.9572192513	0.118533205874023	0.74205049847512	0.258844369043355	0.820216847990668	1
"UMAG_10403"	TRUE	3498	0.798	8658.41584158416	2390	0.9305	17194.2446043166	-0.13378360747743	0.268429970726589	0.73223413532449	0.367632351212502	1
"UMAG_10553"	TRUE	2347	0.826	6744.25287356322	1836	0.9045	9612.56544502618	0.3447042467937	0.967110962895962	0.0331344227689134	0.998819519056485	0.894629414760663
"UMAG_10555"	FALSE	16216	0.831	47976.3313609467	16597	0.9315	121145.98540146	-0.480384717897053	0.0111616388115622	0.988850346147979	0.0297119681040178	1
"UMAG_10557"	FALSE	1633	0.8615	5895.30685920577	1422	0.9435	12584.0707964602	-0.237992746194404	0.135123066822245	0.865777094352283	0.220157410598313	1
"UMAG_10640"	FALSE	16119	0.7685	34814.2548596112	12120	0.916	72142.8571428572	-0.195211283916199	0.175863227872264	0.824249966216388	0.272443853015229	1
"UMAG_10742"	FALSE	935	0.8365	2859.32721712538	1026	0.925	6840	-0.40235346433694	0.033579895990909	0.966930294507133	0.0746658863797859	1
"UMAG_10756"	FALSE	3252	0.8245	9264.95726495727	1830	0.9275	12620.6896551724	0.410032610111314	0.986208781476345	0.0138777868844651	0.999941038905715	0.437150286860649
"UMAG_10811"	FALSE	2610	0.818	7170.32967032967	2465	0.9215	15700.6369426752	-0.274744599617778	0.0979229786302886	0.902527671584862	0.179683912243928	1
"UMAG_10816"	FALSE	5374	0.8275	15576.8115942029	3468	0.918	21146.3414634146	0.414959007241201	0.987873595158449	0.012173774527612	0.999941038905715	0.437150286860649
"UMAG_10881"	FALSE	2340	0.815	6324.32432432432	1723	0.913	9902.29885057472	0.209114995075551	0.868046077148089	0.132646432779022	0.926896658649655	1
"UMAG_10972"	FALSE	2593	0.7945	6309.00243309002	2242	0.9165	13425.1497005988	-0.233487231662447	0.136549973057577	0.864029140122273	0.220580725708393	1
"UMAG_10975"	FALSE	2877	0.7895	6833.72921615202	4249	0.927	29102.7397260274	-1.23444285526306	2.69152183310745e-08	0.999999973377487	2.99233897916063e-07	1
"UMAG_11002"	FALSE	2352	0.7985	5836.22828784119	1195	0.9155	7071.00591715976	0.579087981219788	0.999091298993491	0.000919523833659674	0.999941038905715	0.0868950022808392
"UMAG_11062"	FALSE	27879	0.8	69697.5	22664	0.9235	148130.718954248	-0.23172490872912	0.133225477928924	0.866828628511237	0.220157410598313	1
"UMAG_11094"	FALSE	22515	0.8605	80698.9247311828	29443	0.929	207345.070422535	-0.505445260813315	0.00814194222360962	0.991864581900929	0.0233155618221548	1
"UMAG_11193"	FALSE	127	0.823	358.757062146893	120	0.924	789.473684210527	-0.281916813978448	0.168750055634822	0.841142512706249	0.265781337624845	1
"UMAG_11250"	FALSE	79026	0.7515	159006.036217304	77688	0.856	269750	0.0934257061959991	0.701831551400878	0.298201642122217	0.80881806838272	1
"UMAG_11253"	FALSE	0	NA	NA	0	NA	NA	NA	NA	NA	NA	NA
"UMAG_11305"	FALSE	12805	0.8265	36902.0172910663	13810	0.9295	97943.2624113475	-0.552279435342732	0.00451510504135183	0.9954916148688	0.0149122982863806	1
"UMAG_11362"	FALSE	16208	0.832	48238.0952380953	20056	0.926	135513.513513514	-0.634224747685294	0.00143492190904588	0.998566931649594	0.00572763375902725	1
"UMAG_11377"	FALSE	2376	0.821	6636.87150837989	2115	0.936	16523.4375	-0.459971472973487	0.0158866002674804	0.984222386863514	0.0395074664546553	1
"UMAG_11402"	FALSE	101	0.8295	296.187683284457	220	0.921	1392.40506329114	-1.37702828012262	6.75279977910048e-07	0.999999453765157	5.54903981847822e-06	1
"UMAG_11403"	FALSE	48393	0.7535	98160.2434077079	35656	0.911	200314.606741573	-0.173089761809071	0.204642681723211	0.795399023854917	0.295247838516693	1
"UMAG_11415"	FALSE	44697	0.8325	133423.880597015	47758	0.9075	258151.351351351	-0.0962331113152821	0.32886523271915	0.671193325365388	0.431635617943884	1
"UMAG_11416"	FALSE	1269	0.835	3845.45454545454	1115	0.937	8849.20634920636	-0.346426800215145	0.0556475810885289	0.944930564051622	0.113090245437978	1
"UMAG_11417"	FALSE	2137	0.836	6515.24390243902	1432	0.929	10084.5070422535	0.225717661779469	0.884878477523971	0.115810694156199	0.934313029340953	1
"UMAG_11444"	FALSE	1622	0.817	4431.69398907104	1540	0.9195	9565.21739130435	-0.253972360037099	0.119138388973017	0.881689828281647	0.20470141378091	1
"UMAG_11464"	FALSE	2092	0.796	5127.45098039216	1679	0.9095	9276.24309392265	0.000668297918939396	0.520250614641004	0.481120735153024	0.630303629276601	1
"UMAG_11586"	FALSE	1802	0.844	5775.64102564102	1470	0.9415	12564.1025641026	-0.265287511691715	0.108712993598609	0.891984244631187	0.19202575504801	1
"UMAG_11628"	FALSE	0	NA	NA	0	NA	NA	NA	NA	NA	NA	NA
"UMAG_11639"	FALSE	3037	0.8115	8055.70291777188	1935	0.9335	14548.8721804511	0.00314219586552981	0.52495745971448	0.475992696228426	0.631955158509788	1
"UMAG_11886"	FALSE	0	NA	NA	0	NA	NA	NA	NA	NA	NA	NA
"UMAG_11931"	FALSE	4	0.805	10.2564102564103	7	0.924	46.0526315789474	-1.31079059086631	0.127077095892864	0.926667710525137	0.21637451462839	1
"UMAG_11940"	FALSE	740	0.8415	2334.38485804416	1053	0.933	7858.20895522389	-0.895190968693724	4.4536537122025e-05	0.999956880684264	0.000255072894426143	1
"UMAG_12045"	FALSE	552	0.803	1401.0152284264	1852	0.9285	12951.048951049	-2.35255727766274	2.46750992733823e-20	1	5.82949220333656e-19	1
"UMAG_12127"	FALSE	3058	0.816	8309.78260869566	2508	0.922	16076.9230769231	-0.0961415471386813	0.332750242881627	0.668093805553782	0.433722730376741	1
"UMAG_12197"	FALSE	8319	0.8145	22423.1805929919	35081	0.9085	191699.453551913	-2.2398162576811	4.74971089018323e-20	1	9.97439286938479e-19	1
"UMAG_12216"	FALSE	35939	0.822	100952.247191011	51794	0.914	301127.906976744	-0.720736258942129	0.000378541087608583	0.99962169984442	0.00180259077058064	1
"UMAG_12226"	FALSE	4887	0.826	14043.1034482759	9788	0.9155	57917.1597633136	-1.18816192490194	6.16466731118744e-08	0.999999938744832	5.5482005800687e-07	1
"UMAG_12233"	FALSE	7664	0.822	21528.0898876405	8380	0.9195	52049.6894409938	-0.417702104204996	0.0234094984976053	0.976638797833066	0.0553049402005924	1
"UMAG_12281"	FALSE	3366	0.805	8630.76923076923	14088	0.9195	87503.1055900621	-2.48580603663894	3.32308369226343e-23	1	8.97232596911125e-22	1
"UMAG_12302"	FALSE	2179	0.84	6809.375	1739	0.9275	11993.1034482759	0.0393563904342092	0.596697089735186	0.404595406583857	0.704848437249688	1
"UMAG_12313"	FALSE	2562	0.799	6373.13432835821	3885	0.8995	19328.3582089552	-0.744676991456108	0.000308634641452005	0.999694094839577	0.00153505124301129	1
"UMAG_12330"	FALSE	52409	0.7615	109872.117400419	42101	0.907	226349.462365591	-0.186759432957245	0.186038239108345	0.813997997129816	0.283558283802235	1
"UMAG_15020"	FALSE	59	0.813	157.754010695187	100	0.924	657.894736842106	-1.20421295535962	0.000126156591282699	0.999901768364865	0.000681245592926577	1
