gene	n.umis	n.tot	efficiency	depth	loss	n.obs	n.reads	n.umis.prefilter	n.reads.prefilter
UMAG_00054:3p	6	30.8	0	0.242	0.805	6	6	6	6
UMAG_00054:5p	6	30.8	0	0.242	0.805	6	6	6	6
UMAG_00081:3p	447	2422	0	0.224	0.815	447	544	447	544
UMAG_00081:5p	532	2652	0	0.252	0.799	532	668	532	668
UMAG_00105:3p	397	2091	0	0.233	0.81	397	488	397	488
UMAG_00105:5p	279	1576	0	0.211	0.823	279	332	279	332
UMAG_00159:3p	9777	50819	0	0.238	0.808	9777	12104	9777	12104
UMAG_00159:5p	231	1968	0	0.122	0.883	231	234	231	234
UMAG_00187:3p	25495	122438	0	0.263	0.792	25495	32203	25495	32203
UMAG_00187:5p	29108	144359	0	0.253	0.798	29108	36459	29108	36459
UMAG_00558:3p	1360	7443	0	0.223	0.817	1360	1659	1360	1659
UMAG_00558:5p	1628	8773	0	0.227	0.814	1628	1995	1628	1995
UMAG_00781:3p	1262	6582	0	0.237	0.808	1262	1560	1262	1560
UMAG_00781:5p	1424	7494	0	0.234	0.81	1424	1756	1424	1756
UMAG_00792:3p	487	2590	0	0.23	0.812	487	597	487	597
UMAG_00792:5p	429	1977	0	0.283	0.783	429	558	429	558
UMAG_00793:3p	6239	38352	0	0.194	0.837	6239	7438	6239	7438
UMAG_00793:5p	7569	53743	0	0.163	0.859	7569	8789	7569	8789
UMAG_00795:3p	27	139	0	0.242	0.805	27	27	27	27
UMAG_00795:5p	38	195	0	0.242	0.805	38	38	38	38
UMAG_00823:3p	1646	10584	0	0.182	0.844	1646	1934	1646	1934
UMAG_00823:5p	942	9068	0	0.11	0.896	942	1021	942	1021
UMAG_00885:3p	1243	6656	0	0.229	0.813	1243	1525	1243	1525
UMAG_00885:5p	1482	7585	0	0.243	0.805	1482	1842	1482	1842
UMAG_01018:3p	5240	53501	0	0.107	0.902	5240	5776	5240	5776
UMAG_01018:5p	14648	75840	0	0.239	0.807	14648	18152	14648	18152
UMAG_01082:3p	6677	38825	0	0.207	0.828	6677	8054	6677	8054
UMAG_01082:5p	42	216	0	0.242	0.805	42	42	42	42
UMAG_01235:3p	401	2351	0	0.201	0.829	401	474	401	474
UMAG_01235:5p	309	1977	0	0.178	0.844	309	352	309	352
UMAG_01236:3p	27889	120211	0	0.302	0.768	27889	36328	27889	36328
UMAG_01236:5p	12093	100581	0	0.136	0.88	12093	13718	12093	13718
UMAG_01237:3p	560	3198	0	0.209	0.825	560	671	560	671
UMAG_01237:5p	632	3140	0	0.253	0.799	632	794	632	794
UMAG_01238:3p	925	4999	0	0.226	0.815	925	1131	925	1131
UMAG_01238:5p	983	5627	0	0.21	0.825	983	1183	983	1183
UMAG_01239:3p	786	5736	0	0.153	0.863	786	890	786	890
UMAG_01239:5p	1521	9214	0	0.196	0.835	1521	1810	1521	1810
UMAG_01240:3p	1941	10745	0	0.22	0.819	1941	2363	1941	2363
UMAG_01240:5p	1029	7623	0	0.151	0.865	1029	1168	1029	1168
UMAG_01289:3p	894	5245	0	0.203	0.83	894	1068	894	1068
UMAG_01289:5p	1047	5897	0	0.214	0.822	1047	1266	1047	1266
UMAG_01297:3p	792	4277	0	0.226	0.815	792	968	792	968
UMAG_01297:5p	358	2487	0	0.16	0.856	358	400	358	400
UMAG_01300:3p	1325	6910	0	0.237	0.808	1325	1638	1325	1638
UMAG_01300:5p	865	4740	0	0.222	0.818	865	1053	865	1053
UMAG_01301:3p	612	3662	0	0.197	0.833	612	724	612	724
UMAG_01301:5p	811	5009	0	0.19	0.838	811	955	811	955
UMAG_01302:3p	2607	11856	0	0.283	0.78	2607	3353	2607	3353
UMAG_01302:5p	1535	10041	0	0.178	0.847	1535	1796	1535	1796
UMAG_01375:3p	190	936	0	0.258	0.797	190	242	190	242
UMAG_01375:5p	174	901	0	0.239	0.807	174	215	174	215
UMAG_01553:3p	3	15.4	0	0.242	0.805	3	3	3	3
UMAG_01553:5p	2	10.3	0	0.242	0.805	2	2	2	2
UMAG_01689:3p	382	2213	0	0.204	0.827	382	453	382	453
UMAG_01689:5p	306	1681	0	0.219	0.818	306	369	306	369
UMAG_01690:3p	5	25.7	0	0.242	0.805	5	5	5	5
UMAG_01690:5p	3	15.4	0	0.242	0.805	3	3	3	3
UMAG_01779:3p	3	15.4	0	0.242	0.805	3	3	3	3
UMAG_01779:5p	9	46.2	0	0.242	0.805	9	9	9	9
UMAG_01786:3p	1	5.14	0	0.242	0.805	1	1	1	1
UMAG_01820:3p	1192	7373	0	0.19	0.838	1192	1409	1192	1409
UMAG_01820:5p	1676	10492	0	0.188	0.84	1676	1981	1676	1981
UMAG_01854:3p	11865	64420	0	0.226	0.816	11865	14538	11865	14538
UMAG_01854:5p	17540	82651	0	0.27	0.788	17540	22271	17540	22271
UMAG_01858:3p	3939	19155	0	0.259	0.794	3939	4963	3939	4963
UMAG_01858:5p	2539	18273	0	0.159	0.861	2539	2928	2539	2928
UMAG_01940:3p	12833	55384	0	0.302	0.768	12833	16719	12833	16719
UMAG_01940:5p	8698	53843	0	0.192	0.838	8698	10360	8698	10360
UMAG_01987:3p	1220	5432	0	0.293	0.775	1220	1587	1220	1587
UMAG_01987:5p	1047	7310	0	0.163	0.857	1047	1203	1047	1203
UMAG_01997:3p	1637	10613	0	0.18	0.846	1637	1920	1637	1920
UMAG_01997:5p	2566	12969	0	0.247	0.802	2566	3200	2566	3200
UMAG_02006:3p	1357	5971	0	0.298	0.773	1357	1771	1357	1771
UMAG_02006:5p	925	5453	0	0.202	0.83	925	1104	925	1104
UMAG_02011:3p	292	1592	0	0.222	0.817	292	353	292	353
UMAG_02011:5p	315	2267	0	0.152	0.861	315	344	315	344
UMAG_02135:3p	832	4851	0	0.204	0.828	832	995	832	995
UMAG_02135:5p	836	6225	0	0.15	0.866	836	944	836	944
UMAG_02137:3p	1	5.14	0	0.242	0.805	1	1	1	1
UMAG_02137:5p	1	5.14	0	0.242	0.805	1	1	1	1
UMAG_02138:3p	17	87.3	0	0.242	0.805	17	17	17	17
UMAG_02138:5p	23	118	0	0.242	0.805	23	23	23	23
UMAG_02139:3p	12	61.6	0	0.242	0.805	12	12	12	12
UMAG_02139:5p	5	25.7	0	0.242	0.805	5	5	5	5
UMAG_02141:3p	15	78.6	0	0.233	0.809	15	16	15	16
UMAG_02141:5p	21	108	0	0.242	0.805	21	21	21	21
UMAG_02192:3p	1282	7380	0	0.208	0.826	1282	1543	1282	1543
UMAG_02192:5p	899	5449	0	0.194	0.835	899	1065	899	1065
UMAG_02193:3p	1024	5856	0	0.21	0.825	1024	1233	1024	1233
UMAG_02193:5p	1540	8265	0	0.228	0.814	1540	1889	1540	1889
UMAG_02229:3p	11259	64732	0	0.21	0.826	11259	13620	11259	13620
UMAG_02229:5p	12833	66680	0	0.238	0.808	12833	15889	12833	15889
UMAG_02231:5p	1	5.14	0	0.242	0.805	1	1	1	1
UMAG_02239:3p	3494	16962	0	0.26	0.794	3494	4405	3494	4405
UMAG_02239:5p	2419	16698	0	0.167	0.855	2419	2810	2419	2810
UMAG_02243:3p	2261	10299	0	0.283	0.78	2261	2908	2261	2908
UMAG_02243:5p	2367	11691	0	0.254	0.798	2367	2971	2367	2971
UMAG_02294:3p	929	6383	0	0.166	0.854	929	1069	929	1069
UMAG_02294:5p	942	5802	0	0.191	0.838	942	1112	942	1112
UMAG_02295:3p	1298	7615	0	0.204	0.83	1298	1555	1298	1555
UMAG_02295:5p	1485	7087	0	0.266	0.79	1485	1885	1485	1885
UMAG_02297:3p	1	5.14	0	0.242	0.805	1	1	1	1
UMAG_02297:5p	1003	6599	0	0.172	0.848	1003	1140	1003	1140
UMAG_02298:3p	850	4933	0	0.206	0.828	850	1018	850	1018
UMAG_02298:5p	794	4837	0	0.193	0.836	794	938	794	938
UMAG_02299:3p	1065	5895	0	0.219	0.819	1065	1294	1065	1294
UMAG_02299:5p	804	5020	0	0.187	0.84	804	944	804	944
UMAG_02430:3p	6325	33536	0	0.232	0.811	6325	7792	6325	7792
UMAG_02430:5p	7254	37710	0	0.238	0.808	7254	8980	7254	8980
UMAG_02466:3p	635	4889	0	0.142	0.87	635	707	635	707
UMAG_02466:5p	1872	11873	0	0.185	0.842	1872	2208	1872	2208
UMAG_02473:3p	5	25.7	0	0.242	0.805	5	5	5	5
UMAG_02473:5p	7	36	0	0.242	0.805	7	7	7	7
UMAG_02474:3p	568	2731	0	0.265	0.792	568	723	568	723
UMAG_02474:5p	380	2105	0	0.217	0.819	380	458	380	458
UMAG_02475:3p	120	664	0	0.216	0.819	120	141	120	141
UMAG_02475:5p	245	1588	0	0.174	0.846	245	275	245	275
UMAG_02533:3p	13	66.8	0	0.242	0.805	13	13	13	13
UMAG_02533:5p	28	144	0	0.242	0.805	28	28	28	28
UMAG_02535:3p	5268	36141	0	0.17	0.854	5268	6148	5268	6148
UMAG_02535:5p	8217	54882	0	0.175	0.85	8217	9646	8217	9646
UMAG_02537:3p	1847	10768	0	0.206	0.828	1847	2220	1847	2220
UMAG_02537:5p	1132	9229	0	0.135	0.877	1132	1265	1132	1265
UMAG_02538:3p	1851	8607	0	0.275	0.785	1851	2367	1851	2367
UMAG_02538:5p	1072	6628	0	0.19	0.838	1072	1266	1072	1266
UMAG_02560:3p	7	36	0	0.242	0.805	7	7	7	7
UMAG_02560:5p	2	10.3	0	0.242	0.805	2	2	2	2
UMAG_02611:3p	1258	7024	0	0.217	0.821	1258	1526	1258	1526
UMAG_02611:5p	1898	10087	0	0.231	0.812	1898	2335	1898	2335
UMAG_02813:3p	954	6298	0	0.175	0.849	954	1108	954	1108
UMAG_02813:5p	1332	7977	0	0.198	0.833	1332	1588	1332	1588
UMAG_02826:3p	867	5711	0	0.175	0.848	867	1006	867	1006
UMAG_02826:5p	1076	6359	0	0.201	0.831	1076	1285	1076	1285
UMAG_02851:3p	12520	59554	0	0.266	0.79	12520	15858	12520	15858
UMAG_02851:5p	9581	57417	0	0.2	0.833	9581	11488	9581	11488
UMAG_02852:3p	21	108	0	0.242	0.805	21	21	21	21
UMAG_02852:5p	10	51.4	0	0.242	0.805	10	10	10	10
UMAG_02853:3p	5	25.7	0	0.242	0.805	5	5	5	5
UMAG_02853:5p	4	20.5	0	0.242	0.805	4	4	4	4
UMAG_03023:3p	11792	78322	0	0.177	0.849	11792	13864	11792	13864
UMAG_03023:5p	13013	78060	0	0.2	0.833	13013	15604	13013	15604
UMAG_03046:3p	835	3931	0	0.272	0.788	835	1068	835	1068
UMAG_03046:5p	1069	5509	0	0.241	0.806	1069	1326	1069	1326
UMAG_03065:3p	12223	49654	0	0.327	0.754	12223	16238	12223	16238
UMAG_03065:5p	9786	40399	0	0.32	0.758	9786	12936	9786	12936
UMAG_03105:3p	184	824	0	0.285	0.777	184	227	184	227
UMAG_03105:5p	564	4031	0	0.156	0.86	564	636	564	636
UMAG_03112:3p	4767	28527	0	0.2	0.833	4767	5712	4767	5712
UMAG_03112:5p	6441	35589	0	0.221	0.819	6441	7858	6441	7858
UMAG_03138:3p	867	4870	0	0.215	0.822	867	1048	867	1048
UMAG_03138:5p	1676	9014	0	0.228	0.814	1676	2055	1676	2055
UMAG_03201:3p	1470	7568	0	0.241	0.806	1470	1824	1470	1824
UMAG_03201:5p	1368	8176	0	0.199	0.833	1368	1632	1368	1632
UMAG_03202:3p	1530	7173	0	0.273	0.787	1530	1953	1530	1953
UMAG_03202:5p	1733	10518	0	0.195	0.835	1733	2063	1733	2063
UMAG_03223:3p	4962	28250	0	0.213	0.824	4962	6011	4962	6011
UMAG_03223:5p	4093	24538	0	0.199	0.833	4093	4901	4093	4901
UMAG_03313:3p	25	128	0	0.242	0.805	25	25	25	25
UMAG_03313:5p	20	103	0	0.242	0.805	20	20	20	20
UMAG_03382:3p	18030	88526	0	0.256	0.796	18030	22643	18030	22643
UMAG_03382:5p	6247	54283	0	0.129	0.885	6247	7031	6247	7031
UMAG_03397:3p	9974	56560	0	0.214	0.824	9974	12101	9974	12101
UMAG_03397:5p	5036	50766	0	0.109	0.901	5036	5558	5036	5558
UMAG_03564:3p	621	4988	0	0.135	0.876	621	685	621	685
UMAG_03564:5p	1160	6135	0	0.233	0.811	1160	1428	1160	1428
UMAG_03586:3p	1812	9599	0	0.232	0.811	1812	2231	1812	2231
UMAG_03586:5p	1603	9217	0	0.209	0.826	1603	1932	1603	1932
UMAG_03615:3p	1391	6914	0	0.252	0.799	1391	1744	1391	1744
UMAG_03615:5p	806	5488	0	0.167	0.853	806	927	806	927
UMAG_03650:3p	2378	13455	0	0.214	0.823	2378	2881	2378	2881
UMAG_03650:5p	2016	12836	0	0.184	0.843	2016	2377	2016	2377
UMAG_03689:3p	2676	12602	0	0.271	0.788	2676	3405	2676	3405
UMAG_03689:5p	1530	8908	0	0.206	0.828	1530	1838	1530	1838
UMAG_03744:3p	3950	19921	0	0.247	0.802	3950	4928	3950	4928
UMAG_03744:5p	3397	22301	0	0.178	0.848	3397	3991	3397	3991
UMAG_03745:5p	1	5.14	0	0.242	0.805	1	1	1	1
UMAG_03747:3p	1527	7872	0	0.241	0.806	1527	1894	1527	1894
UMAG_03747:5p	1344	8628	0	0.182	0.844	1344	1577	1344	1577
UMAG_03748:3p	2604	13601	0	0.237	0.809	2604	3219	2604	3219
UMAG_03748:5p	1321	8330	0	0.186	0.841	1321	1556	1321	1556
UMAG_03750:3p	2059	7812	0	0.364	0.736	2059	2831	2059	2831
UMAG_03751:3p	2675	12328	0	0.278	0.783	2675	3426	2675	3426
UMAG_03751:5p	1002	7769	0	0.143	0.871	1002	1127	1002	1127
UMAG_03753:3p	1494	8810	0	0.202	0.83	1494	1789	1494	1789
UMAG_03753:5p	1157	8928	0	0.144	0.87	1157	1306	1157	1306
UMAG_03880:3p	1298	7208	0	0.218	0.82	1298	1577	1298	1577
UMAG_03880:5p	781	5932	0	0.146	0.868	781	877	781	877
UMAG_04038:3p	10168	54036	0	0.232	0.812	10168	12521	10168	12521
UMAG_04038:5p	7531	52067	0	0.168	0.855	7531	8785	7531	8785
UMAG_04039:3p	7588	45376	0	0.2	0.833	7588	9100	7588	9100
UMAG_04039:5p	5922	35193	0	0.202	0.832	5922	7109	5922	7109
UMAG_04057:3p	2456	9516	0	0.352	0.742	2456	3342	2456	3342
UMAG_04057:5p	1669	9349	0	0.216	0.821	1669	2025	1669	2025
UMAG_04084:3p	3574	28473	0	0.142	0.874	3574	4062	3574	4062
UMAG_04084:5p	6712	41077	0	0.195	0.837	6712	8010	6712	8010
UMAG_04096:3p	2	10.3	0	0.242	0.805	2	2	2	2
UMAG_04096:5p	2	10.3	0	0.242	0.805	2	2	2	2
UMAG_04104:3p	20283	93085	0	0.279	0.782	20283	25942	20283	25942
UMAG_04104:5p	12856	64106	0	0.251	0.799	12856	16082	12856	16082
UMAG_04111:3p	8815	62267	0	0.164	0.858	8815	10248	8815	10248
UMAG_04111:5p	14255	78048	0	0.223	0.817	14255	17434	14255	17434
UMAG_04114:3p	4634	22675	0	0.257	0.796	4634	5828	4634	5828
UMAG_04114:5p	3818	21829	0	0.211	0.825	3818	4619	3818	4619
UMAG_04145:3p	2530	11716	0	0.277	0.784	2530	3236	2530	3236
UMAG_04145:5p	2789	13934	0	0.25	0.8	2789	3489	2789	3489
UMAG_04185:3p	3021	12910	0	0.308	0.766	3021	3962	3021	3962
UMAG_04185:5p	944	5434	0	0.208	0.826	944	1134	944	1134
UMAG_04189:3p	7119	35056	0	0.255	0.797	7119	8936	7119	8936
UMAG_04189:5p	8771	45997	0	0.236	0.809	8771	10835	8771	10835
UMAG_04282:3p	2814	15547	0	0.22	0.819	2814	3430	2814	3430
UMAG_04282:5p	2178	12043	0	0.22	0.819	2178	2653	2178	2653
UMAG_04400:3p	1599	8759	0	0.222	0.817	1599	1951	1599	1951
UMAG_04400:5p	1499	7913	0	0.233	0.811	1499	1847	1499	1847
UMAG_04696:3p	18105	87878	0	0.26	0.794	18105	22806	18105	22806
UMAG_04696:5p	23509	102070	0	0.299	0.77	23509	30558	23509	30558
UMAG_04815:3p	6231	35189	0	0.215	0.823	6231	7564	6231	7564
UMAG_04815:5p	5130	36195	0	0.164	0.858	5130	5957	5130	5957
UMAG_04893:3p	1339	7062	0	0.233	0.81	1339	1650	1339	1650
UMAG_04893:5p	929	6613	0	0.159	0.86	929	1061	929	1061
UMAG_05222:3p	742	4350	0	0.203	0.829	742	885	742	885
UMAG_05222:5p	1326	7895	0	0.2	0.832	1326	1583	1326	1583
UMAG_05227:3p	1577	9735	0	0.191	0.838	1577	1869	1577	1869
UMAG_05227:5p	2229	11791	0	0.233	0.811	2229	2746	2229	2746
UMAG_05294:3p	715	3926	0	0.221	0.818	715	869	715	869
UMAG_05294:5p	631	4154	0	0.174	0.848	631	728	631	728
UMAG_05299:3p	1093	6508	0	0.199	0.832	1093	1303	1093	1303
UMAG_05299:5p	1365	8209	0	0.197	0.834	1365	1626	1365	1626
UMAG_05300:3p	1548	7057	0	0.283	0.781	1548	1994	1548	1994
UMAG_05300:5p	1282	7457	0	0.206	0.828	1282	1539	1282	1539
UMAG_05301:3p	615	3492	0	0.211	0.824	615	739	615	739
UMAG_05301:5p	945	6274	0	0.173	0.849	945	1096	945	1096
UMAG_05302:3p	1562	10781	0	0.167	0.855	1562	1808	1562	1808
UMAG_05302:5p	898	6740	0	0.149	0.867	898	1014	898	1014
UMAG_05308:3p	1479	10583	0	0.159	0.86	1479	1699	1479	1699
UMAG_05308:5p	1665	9879	0	0.201	0.831	1665	1992	1665	1992
UMAG_05310:3p	372	2101	0	0.211	0.823	372	445	372	445
UMAG_05310:5p	438	2532	0	0.205	0.827	438	521	438	521
UMAG_05319:3p	1820	8504	0	0.274	0.786	1820	2324	1820	2324
UMAG_05319:5p	1374	10030	0	0.155	0.863	1374	1571	1374	1571
UMAG_05439:3p	6315	52168	0	0.137	0.879	6315	7158	6315	7158
UMAG_05439:5p	20726	80018	0	0.35	0.741	20726	28001	20726	28001
UMAG_05548:3p	1883	7762	0	0.324	0.757	1883	2509	1883	2509
UMAG_05548:5p	664	4215	0	0.182	0.842	664	774	664	774
UMAG_05562:3p	4540	23272	0	0.242	0.805	4540	5640	4540	5640
UMAG_05562:5p	7200	36008	0	0.25	0.8	7200	9001	7200	9001
UMAG_05641:3p	14526	104129	0	0.162	0.86	14526	16859	14526	16859
UMAG_05641:5p	18514	89874	0	0.26	0.794	18514	23320	18514	23320
UMAG_05733:3p	1295	6609	0	0.244	0.804	1295	1611	1295	1611
UMAG_05733:5p	859	5960	0	0.164	0.856	859	985	859	985
UMAG_05780:3p	1604	8805	0	0.222	0.818	1604	1956	1604	1956
UMAG_05780:5p	1971	10441	0	0.232	0.811	1971	2427	1971	2427
UMAG_05781:3p	4612	27137	0	0.204	0.83	4612	5546	4612	5546
UMAG_05781:5p	8474	44231	0	0.237	0.808	8474	10480	8474	10480
UMAG_05819:3p	1114	5644	0	0.246	0.803	1114	1389	1114	1389
UMAG_05819:5p	738	5112	0	0.163	0.856	738	844	738	844
UMAG_05861:3p	2	10.3	0	0.242	0.805	2	2	2	2
UMAG_05861:5p	5	25.7	0	0.242	0.805	5	5	5	5
UMAG_05926:3p	1213	6006	0	0.254	0.798	1213	1523	1213	1523
UMAG_05926:5p	937	6420	0	0.167	0.854	937	1079	937	1079
UMAG_05927:3p	9895	41249	0	0.316	0.76	9895	13038	9895	13038
UMAG_05927:5p	7275	48319	0	0.177	0.849	7275	8547	7275	8547
UMAG_05931:3p	6271	30617	0	0.258	0.795	6271	7890	6271	7890
UMAG_05931:5p	6688	38873	0	0.207	0.828	6688	8068	6688	8068
UMAG_05953:3p	1083	5130	0	0.27	0.789	1083	1380	1083	1380
UMAG_05953:5p	100	558	0	0.21	0.821	100	111	100	111
UMAG_05988:3p	1516	7582	0	0.25	0.8	1516	1897	1516	1897
UMAG_05988:5p	1277	6213	0	0.26	0.794	1277	1612	1277	1612
UMAG_06064:3p	1913	17972	0	0.115	0.894	1913	2097	1913	2097
UMAG_06064:5p	3244	22189	0	0.17	0.854	3244	3781	3244	3781
UMAG_06113:3p	1684	8693	0	0.24	0.806	1684	2088	1684	2088
UMAG_06113:5p	1003	6029	0	0.197	0.834	1003	1192	1003	1192
UMAG_06146:3p	514	3839	0	0.147	0.866	514	572	514	572
UMAG_06146:5p	928	5249	0	0.213	0.823	928	1120	928	1120
UMAG_06158:3p	1015	5125	0	0.247	0.802	1015	1267	1015	1267
UMAG_06158:5p	1234	6258	0	0.246	0.803	1234	1538	1234	1538
UMAG_06178:3p	6583	25342	0	0.353	0.74	6583	8925	6583	8925
UMAG_06178:5p	3638	22844	0	0.188	0.841	3638	4313	3638	4313
UMAG_06179:3p	4292	23362	0	0.225	0.816	4292	5253	4292	5253
UMAG_06179:5p	1550	13733	0	0.123	0.887	1550	1719	1550	1719
UMAG_06222:3p	662	4672	0	0.159	0.858	662	752	662	752
UMAG_06222:5p	940	5227	0	0.218	0.82	940	1140	940	1140
UMAG_06223:3p	5127	21781	0	0.309	0.765	5127	6724	5127	6724
UMAG_06223:5p	3879	27562	0	0.162	0.859	3879	4494	3879	4494
UMAG_06428:3p	5255	27677	0	0.234	0.81	5255	6484	5255	6484
UMAG_06428:5p	9245	48285	0	0.237	0.809	9245	11432	9245	11432
UMAG_06440:3p	10118	63388	0	0.19	0.84	10118	12025	10118	12025
UMAG_06440:5p	13864	78095	0	0.216	0.822	13864	16848	13864	16848
UMAG_10024:3p	13114	66516	0	0.246	0.803	13114	16334	13114	16334
UMAG_10024:5p	13042	61037	0	0.272	0.786	13042	16593	13042	16593
UMAG_10030:3p	1068	6007	0	0.215	0.822	1068	1292	1068	1292
UMAG_10030:5p	731	4763	0	0.177	0.847	731	848	731	848
UMAG_10067:3p	2067	10207	0	0.254	0.797	2067	2595	2067	2595
UMAG_10067:5p	1737	8859	0	0.244	0.804	1737	2161	1737	2161
UMAG_10076:3p	1412	6665	0	0.27	0.788	1412	1799	1412	1799
UMAG_10076:5p	1276	6503	0	0.244	0.804	1276	1588	1276	1588
UMAG_10403:3p	2538	10135	0	0.338	0.75	2538	3413	2538	3413
UMAG_10403:5p	960	6241	0	0.178	0.846	960	1119	960	1119
UMAG_10553:3p	1471	7851	0	0.23	0.813	1471	1807	1471	1807
UMAG_10553:5p	876	5442	0	0.188	0.839	876	1031	876	1031
UMAG_10555:3p	7039	42549	0	0.198	0.835	7039	8422	7039	8422
UMAG_10555:5p	9177	52936	0	0.209	0.827	9177	11092	9177	11092
UMAG_10557:3p	927	6360	0	0.166	0.854	927	1067	927	1067
UMAG_10557:5p	706	5386	0	0.145	0.869	706	790	706	790
UMAG_10640:3p	9193	32575	0	0.395	0.718	9193	12853	9193	12853
UMAG_10640:5p	6926	38191	0	0.221	0.819	6926	8454	6926	8454
UMAG_10742:3p	397	2769	0	0.159	0.857	397	445	397	445
UMAG_10742:5p	538	2923	0	0.224	0.816	538	655	538	655
UMAG_10756:3p	1896	10303	0	0.225	0.816	1896	2319	1896	2319
UMAG_10756:5p	1356	8117	0	0.198	0.833	1356	1617	1356	1617
UMAG_10811:3p	1588	7351	0	0.277	0.784	1588	2035	1588	2035
UMAG_10811:5p	1022	6907	0	0.17	0.852	1022	1182	1022	1182
UMAG_10816:3p	2411	15577	0	0.181	0.845	2411	2837	2411	2837
UMAG_10816:5p	2963	15557	0	0.235	0.81	2963	3658	2963	3658
UMAG_10881:3p	927	4928	0	0.231	0.812	927	1139	927	1139
UMAG_10881:5p	1413	7765	0	0.221	0.818	1413	1722	1413	1722
UMAG_10972:3p	1260	5850	0	0.277	0.785	1260	1615	1260	1615
UMAG_10972:5p	1333	6806	0	0.244	0.804	1333	1658	1333	1658
UMAG_10975:3p	1467	6119	0	0.32	0.76	1467	1951	1467	1951
UMAG_10975:5p	1410	7771	0	0.221	0.819	1410	1717	1410	1717
UMAG_11002:3p	1001	4606	0	0.281	0.783	1001	1289	1001	1289
UMAG_11002:5p	1351	7263	0	0.228	0.814	1351	1656	1351	1656
UMAG_11062:3p	15922	72108	0	0.284	0.779	15922	20444	15922	20444
UMAG_11062:5p	11957	66682	0	0.218	0.821	11957	14562	11957	14562
UMAG_11094:3p	18060	90022	0	0.251	0.799	18060	22593	18060	22593
UMAG_11094:5p	4455	57127	0	0.0828	0.922	4455	4794	4455	4794
UMAG_11193:3p	52	267	0	0.242	0.805	52	52	52	52
UMAG_11193:5p	75	473	0	0.18	0.841	75	76	75	76
UMAG_11250:3p	18810	73566	0	0.344	0.744	18810	25300	18810	25300
UMAG_11250:5p	60216	249475	0	0.318	0.759	60216	79390	60216	79390
UMAG_11305:3p	3075	19117	0	0.19	0.839	3075	3651	3075	3651
UMAG_11305:5p	9730	52397	0	0.228	0.814	9730	11944	9730	11944
UMAG_11362:3p	9873	50475	0	0.243	0.804	9873	12273	9873	12273
UMAG_11362:5p	6335	45299	0	0.162	0.86	6335	7344	6335	7344
UMAG_11377:3p	1271	6434	0	0.246	0.802	1271	1585	1271	1585
UMAG_11377:5p	1105	6907	0	0.187	0.84	1105	1302	1105	1302
UMAG_11402:3p	56	334	0	0.194	0.832	56	57	56	57
UMAG_11402:5p	45	260	0	0.203	0.827	45	46	45	46
UMAG_11403:3p	22209	91867	0	0.319	0.758	22209	29310	22209	29310
UMAG_11403:5p	26184	104511	0	0.335	0.749	26184	34961	26184	34961
UMAG_11415:3p	29678	139697	0	0.27	0.788	29678	37688	29678	37688
UMAG_11415:5p	15019	121925	0	0.14	0.877	15019	17102	15019	17102
UMAG_11416:3p	716	3906	0	0.223	0.817	716	872	716	872
UMAG_11416:5p	553	3756	0	0.166	0.853	553	631	553	631
UMAG_11417:3p	1387	7542	0	0.224	0.816	1387	1695	1387	1695
UMAG_11417:5p	750	5196	0	0.163	0.856	750	858	750	858
UMAG_11444:3p	720	4230	0	0.202	0.83	720	858	720	858
UMAG_11444:5p	902	4607	0	0.244	0.804	902	1122	902	1122
UMAG_11464:3p	1297	6412	0	0.254	0.798	1297	1629	1297	1629
UMAG_11464:5p	795	3861	0	0.261	0.794	795	1006	795	1006
UMAG_11586:3p	816	5233	0	0.181	0.844	816	952	816	952
UMAG_11586:5p	986	6308	0	0.182	0.844	986	1154	986	1154
UMAG_11639:3p	1778	8543	0	0.264	0.792	1778	2251	1778	2251
UMAG_11639:5p	1259	7465	0	0.201	0.831	1259	1504	1259	1504
UMAG_11931:3p	2	10.3	0	0.242	0.805	2	2	2	2
UMAG_11931:5p	2	10.3	0	0.242	0.805	2	2	2	2
UMAG_11940:3p	328	2218	0	0.165	0.852	328	368	328	368
UMAG_11940:5p	412	2434	0	0.199	0.831	412	486	412	486
UMAG_12045:3p	299	1360	0	0.291	0.78	299	395	299	395
UMAG_12045:5p	253	1456	0	0.205	0.826	253	298	253	298
UMAG_12127:3p	1122	6466	0	0.208	0.826	1122	1349	1122	1349
UMAG_12127:5p	1936	9957	0	0.241	0.806	1936	2403	1936	2403
UMAG_12197:3p	3647	20130	0	0.221	0.819	3647	4448	3647	4448
UMAG_12197:5p	4672	24545	0	0.235	0.81	4672	5768	4672	5768
UMAG_12216:3p	14418	81501	0	0.215	0.823	14418	17508	14418	17508
UMAG_12216:5p	21521	120555	0	0.217	0.821	21521	26189	21521	26189
UMAG_12226:3p	2685	16503	0	0.193	0.837	2685	3194	2685	3194
UMAG_12226:5p	2202	11913	0	0.226	0.815	2202	2697	2202	2697
UMAG_12233:3p	4682	20997	0	0.288	0.777	4682	6038	4682	6038
UMAG_12233:5p	2982	22413	0	0.152	0.867	2982	3417	2982	3417
UMAG_12281:3p	1784	7966	0	0.291	0.776	1784	2312	1784	2312
UMAG_12281:5p	1582	9519	0	0.197	0.834	1582	1886	1582	1886
UMAG_12302:3p	1446	7834	0	0.226	0.815	1446	1769	1446	1769
UMAG_12302:5p	733	5430	0	0.15	0.865	733	826	733	826
UMAG_12313:3p	1239	6514	0	0.234	0.81	1239	1528	1239	1528
UMAG_12313:5p	1323	6235	0	0.271	0.788	1323	1687	1323	1687
UMAG_12330:3p	23811	101550	0	0.307	0.766	23811	31120	23811	31120
UMAG_12330:5p	28598	117870	0	0.321	0.757	28598	37779	28598	37779
UMAG_15020:3p	35	196	0	0.212	0.821	35	36	35	36
UMAG_15020:5p	24	123	0	0.242	0.805	24	24	24	24
ambiguous	90	470	0	0.235	0.808	90	110	90	110
unmatched	39611	244864	0	0.193	0.838	39611	47238	39611	47238
